(a)
*****************************************
Multinomial Naive Bayes classifier, try 1
*****************************************

(b)
[[87  0  5  0  4]
 [ 0 78  0  0  1]
 [ 1  1 91  0  1]
 [ 0  0  0 91  0]
 [ 0  0  0  0 85]]

(b)
              precision    recall  f1-score   support

           0       0.99      0.91      0.95        96
           1       0.99      0.99      0.99        79
           2       0.95      0.97      0.96        94
           3       1.00      1.00      1.00        91
           4       0.93      1.00      0.97        85

    accuracy                           0.97       445
   macro avg       0.97      0.97      0.97       445
weighted avg       0.97      0.97      0.97       445
